0 0.311037 0.159708 0.236343 0.240084
0 0.151059 0.371608 0.170569 0.075157
0 0.712375 0.823591 0.564103 0.185804
0 0.448718 0.508351 0.166109 0.085595
0 0.356187 0.468685 0.099220 0.089770
0 0.812709 0.105428 0.142698 0.173278
0 0.041249 0.063674 0.080268 0.127349
0 0.178372 0.064718 0.153846 0.121086
0 0.581382 0.109603 0.293200 0.210856
0 0.759755 0.168058 0.092531 0.327766
0 0.846711 0.412317 0.179487 0.156576
0 0.667224 0.487474 0.159420 0.169102
0 0.885730 0.630480 0.221851 0.162839
0 0.085842 0.818372 0.167224 0.208768
0 0.304348 0.557411 0.093645 0.279749
0 0.099777 0.171190 0.186176 0.112735
0 0.932553 0.251566 0.110368 0.156576
