0 0.163322 0.628392 0.032330 0.179541
0 0.869565 0.497912 0.251951 0.995825
0 0.662207 0.546973 0.093645 0.183716
0 0.589186 0.022965 0.021182 0.033403
0 0.689521 0.026096 0.025641 0.039666
0 0.601449 0.175365 0.025641 0.096033
0 0.234671 0.861169 0.023411 0.048017
0 0.180602 0.975992 0.028986 0.039666
0 0.204571 0.375783 0.056856 0.463466
0 0.248049 0.269311 0.054627 0.534447
0 0.431438 0.242171 0.321070 0.459290
0 0.603122 0.875783 0.124861 0.244259
0 0.513378 0.916493 0.030100 0.112735
0 0.404682 0.789144 0.136009 0.409186
0 0.624861 0.240084 0.041249 0.054280
0 0.579710 0.278706 0.352285 0.348643
0 0.027871 0.220251 0.022297 0.048017
0 0.007804 0.322547 0.015608 0.056367
0 0.076923 0.718163 0.044593 0.066806
0 0.025084 0.947808 0.025641 0.087683
