0 0.304905 0.277662 0.170569 0.308977
0 0.332776 0.474948 0.112598 0.273486
0 0.321070 0.732777 0.035674 0.150313
0 0.045708 0.035491 0.082497 0.066806
0 0.064103 0.180585 0.123746 0.139875
0 0.036789 0.089770 0.064660 0.045929
0 0.128763 0.080376 0.025641 0.156576
0 0.469900 0.461378 0.088071 0.217119
0 0.455407 0.628392 0.039019 0.204593
0 0.556856 0.667015 0.068004 0.356994
0 0.629320 0.351775 0.036789 0.135699
0 0.585284 0.449896 0.066890 0.139875
0 0.268116 0.874739 0.328874 0.233820
0 0.165552 0.484342 0.143813 0.546973
0 0.015050 0.626305 0.030100 0.730689
0 0.145485 0.565762 0.235229 0.400835
0 0.686734 0.727557 0.136009 0.427975
0 0.701226 0.575157 0.049052 0.240084
0 0.704571 0.409186 0.107023 0.580376
0 0.731327 0.083507 0.044593 0.154489
0 0.787625 0.959290 0.413601 0.073069
0 0.885173 0.490605 0.220736 0.851775
0 0.896878 0.048017 0.085842 0.091858
0 0.979933 0.150313 0.031215 0.233820
