0 0.787625 0.091858 0.204013 0.183716
0 0.571349 0.286013 0.068004 0.121086
0 0.558528 0.940501 0.051282 0.098121
0 0.662765 0.817328 0.043478 0.056367
0 0.711817 0.859081 0.041249 0.060543
0 0.712375 0.930063 0.026756 0.031315
0 0.034560 0.167015 0.069119 0.125261
0 0.037347 0.048017 0.018952 0.029228
0 0.152731 0.771399 0.214047 0.294363
0 0.378484 0.865344 0.094760 0.256785
0 0.211260 0.306889 0.266444 0.605428
0 0.484392 0.294363 0.043478 0.066806
0 0.416388 0.275574 0.068004 0.237996
0 0.369565 0.088727 0.059086 0.123173
0 0.027313 0.453027 0.045708 0.313152
0 0.023969 0.821503 0.025641 0.043841
