0 0.314939 0.758873 0.074693 0.348643
0 0.735786 0.329854 0.358974 0.526096
0 0.614270 0.825678 0.120401 0.223382
0 0.496098 0.965553 0.102564 0.064718
0 0.504459 0.620042 0.079153 0.137787
0 0.484950 0.402923 0.122631 0.150313
0 0.468227 0.125261 0.149387 0.237996
0 0.316054 0.050104 0.041249 0.062630
0 0.177815 0.182672 0.154961 0.356994
0 0.170569 0.627349 0.136009 0.365344
0 0.141026 0.868476 0.021182 0.246347
0 0.113712 0.922756 0.080268 0.150313
0 0.356745 0.553236 0.102564 0.070981
0 0.355072 0.388309 0.021182 0.054280
0 0.430323 0.750522 0.069119 0.089770
0 0.374025 0.729645 0.021182 0.073069
0 0.406912 0.667015 0.028986 0.052192
0 0.376812 0.972860 0.073579 0.041754
