0 0.232441 0.138831 0.018952 0.077244
0 0.272575 0.114823 0.023411 0.054280
0 0.314381 0.131524 0.024526 0.075157
0 0.453735 0.133612 0.017837 0.058455
0 0.066332 0.045929 0.047938 0.083507
0 0.027871 0.246347 0.015608 0.029228
0 0.100334 0.247390 0.024526 0.056367
0 0.125975 0.154489 0.022297 0.041754
0 0.222408 0.277662 0.016722 0.037578
0 0.020624 0.453027 0.018952 0.033403
0 0.070792 0.339248 0.021182 0.048017
0 0.119844 0.403967 0.018952 0.043841
0 0.012821 0.665971 0.018952 0.050104
0 0.044593 0.776618 0.022297 0.062630
0 0.112040 0.845511 0.036789 0.125261
0 0.600892 0.046973 0.020067 0.060543
0 0.547938 0.020877 0.018952 0.033403
0 0.216276 0.944676 0.031215 0.073069
0 0.296544 0.884134 0.031215 0.052192
0 0.940357 0.056367 0.023411 0.066806
0 0.911371 0.271399 0.021182 0.045929
0 0.469900 0.353862 0.023411 0.085595
0 0.499443 0.393528 0.022297 0.039666
0 0.225195 0.375783 0.020067 0.054280
0 0.200669 0.515658 0.028986 0.070981
0 0.171126 0.604384 0.023411 0.085595
0 0.273690 0.639875 0.021182 0.048017
0 0.333891 0.626305 0.041249 0.100209
0 0.301003 0.363257 0.028986 0.041754
0 0.879041 0.488518 0.025641 0.129436
0 0.826087 0.368476 0.060201 0.106472
0 0.749721 0.272443 0.030100 0.064718
0 0.715162 0.102296 0.039019 0.096033
0 0.472687 0.796451 0.051282 0.106472
0 0.523969 0.910230 0.020067 0.045929
0 0.562430 0.814196 0.047938 0.058455
0 0.571906 0.653445 0.015608 0.045929
0 0.619844 0.505219 0.022297 0.050104
0 0.727425 0.696242 0.079153 0.102296
0 0.745262 0.497912 0.061315 0.068894
0 0.827759 0.564718 0.016722 0.068894
0 0.059643 0.897704 0.023411 0.108559
0 0.955407 0.732777 0.033445 0.045929
0 0.965998 0.205637 0.032330 0.031315
0 0.967670 0.091858 0.031215 0.066806
