0 0.567447 0.207724 0.071349 0.106472
0 0.725753 0.085595 0.109253 0.112735
0 0.910814 0.104384 0.107023 0.104384
0 0.818283 0.221294 0.062430 0.087683
0 0.806577 0.399791 0.072464 0.056367
0 0.726867 0.481211 0.086957 0.085595
0 0.478261 0.076200 0.042363 0.052192
0 0.351171 0.036534 0.057971 0.068894
0 0.236901 0.033403 0.054627 0.050104
0 0.363991 0.196242 0.119287 0.183716
0 0.463211 0.336117 0.130435 0.054280
0 0.290412 0.304802 0.054627 0.121086
0 0.895206 0.620042 0.129320 0.121086
0 0.476589 0.449896 0.293200 0.181628
0 0.764214 0.569937 0.103679 0.116910
0 0.559086 0.682672 0.128205 0.100209
