0 0.470457 0.455115 0.622074 0.334029
0 0.559086 0.670146 0.150502 0.108559
0 0.559643 0.752610 0.089186 0.144050
0 0.347826 0.751566 0.086957 0.096033
0 0.343367 0.665971 0.153846 0.108559
0 0.246377 0.668058 0.069119 0.175365
0 0.697324 0.681628 0.059086 0.164927
0 0.709588 0.629436 0.105909 0.073069
0 0.703456 0.242171 0.133779 0.100209
0 0.551282 0.244259 0.128205 0.112735
0 0.337793 0.247390 0.147157 0.098121
0 0.232999 0.245303 0.104794 0.081420
0 0.234671 0.176409 0.061315 0.073069
0 0.332776 0.165971 0.076923 0.102296
0 0.551282 0.157620 0.076923 0.118998
0 0.700111 0.164927 0.071349 0.104384
