0 0.333333 0.327766 0.323300 0.125261
0 0.581940 0.376827 0.111483 0.093946
0 0.696210 0.296451 0.070234 0.091858
0 0.855072 0.512526 0.075808 0.231733
0 0.915831 0.579332 0.034560 0.164927
0 0.720178 0.495825 0.169454 0.131524
0 0.566890 0.461378 0.114827 0.087683
0 0.215162 0.467641 0.111483 0.133612
0 0.391862 0.471816 0.239688 0.045929
0 0.076366 0.556367 0.041249 0.035491
0 0.145485 0.527140 0.036789 0.031315
0 0.762542 0.311065 0.028986 0.029228
0 0.700111 0.430063 0.042363 0.096033
0 0.964883 0.700418 0.052397 0.118998
