0 0.336678 0.640919 0.191750 0.688935
0 0.113155 0.573069 0.141583 0.286013
0 0.025084 0.306889 0.043478 0.141962
0 0.071349 0.099165 0.033445 0.085595
0 0.033445 0.150313 0.031215 0.079332
0 0.357302 0.178497 0.094760 0.160752
0 0.238016 0.164927 0.137124 0.271399
0 0.718506 0.101253 0.119287 0.169102
0 0.628205 0.059499 0.027871 0.043841
0 0.871237 0.386221 0.054627 0.158664
0 0.728540 0.354906 0.119287 0.141962
0 0.608696 0.535491 0.131550 0.290188
0 0.709030 0.481211 0.046823 0.152401
0 0.787068 0.413361 0.040134 0.112735
0 0.794872 0.786013 0.053512 0.085595
0 0.884615 0.748434 0.039019 0.073069
0 0.530100 0.819415 0.032330 0.064718
0 0.369565 0.851775 0.244147 0.288100
0 0.060758 0.856994 0.036789 0.052192
0 0.163880 0.864301 0.049052 0.183716
0 0.231884 0.946764 0.419175 0.089770
0 0.576366 0.939457 0.044593 0.091858
0 0.935897 0.742171 0.036789 0.110647
0 0.077480 0.281837 0.025641 0.183716
0 0.128763 0.392484 0.056856 0.208768
0 0.894091 0.245303 0.026756 0.035491
