0 0.311594 0.075157 0.101449 0.133612
0 0.443144 0.099165 0.248606 0.194154
0 0.655518 0.053236 0.127090 0.089770
0 0.676700 0.203549 0.209588 0.185804
0 0.154404 0.334029 0.297659 0.258873
0 0.150502 0.605428 0.042363 0.196242
0 0.454292 0.677453 0.206243 0.628392
0 0.733556 0.374739 0.523969 0.382046
0 0.861761 0.624217 0.258640 0.743215
0 0.603122 0.836117 0.111483 0.252610
0 0.454849 0.674322 0.205128 0.601253
0 0.245819 0.815240 0.072464 0.331942
0 0.128205 0.772443 0.149387 0.246347
0 0.211260 0.525052 0.059086 0.181628
0 0.067447 0.627349 0.128205 0.118998
0 0.195095 0.126305 0.086957 0.252610
