0 0.223523 0.550104 0.090301 0.315240
0 0.410814 0.415449 0.081382 0.141962
0 0.542921 0.358038 0.057971 0.131524
0 0.501115 0.113779 0.045708 0.114823
0 0.665552 0.078288 0.053512 0.093946
0 0.856187 0.222338 0.060201 0.114823
0 0.956522 0.379958 0.037904 0.091858
0 0.971572 0.715031 0.030100 0.160752
0 0.894091 0.789144 0.031215 0.204593
0 0.768116 0.758873 0.037904 0.152401
0 0.641026 0.782881 0.073579 0.096033
0 0.482163 0.695198 0.045708 0.125261
0 0.277035 0.877871 0.030100 0.098121
0 0.071349 0.627349 0.138239 0.265136
0 0.797659 0.552192 0.047938 0.139875
0 0.741918 0.539666 0.056856 0.185804
