0 0.663322 0.218163 0.033445 0.340292
0 0.746377 0.288100 0.132664 0.237996
0 0.804905 0.079332 0.142698 0.150313
0 0.955964 0.049061 0.030100 0.098121
0 0.953177 0.745303 0.091416 0.505219
0 0.745262 0.918580 0.496098 0.141962
0 0.532330 0.545929 0.052397 0.235908
0 0.629320 0.597077 0.025641 0.221294
0 0.585284 0.659708 0.051282 0.175365
0 0.267001 0.659708 0.123746 0.672234
0 0.128763 0.505219 0.148272 0.434238
0 0.016722 0.154489 0.031215 0.300626
0 0.042921 0.263048 0.054627 0.083507
0 0.021739 0.474948 0.030100 0.256785
0 0.040691 0.585595 0.021182 0.081420
0 0.065775 0.855950 0.131550 0.283925
0 0.233556 0.027140 0.018952 0.041754
0 0.595875 0.067850 0.030100 0.135699
0 0.437012 0.546973 0.037904 0.183716
0 0.436455 0.708768 0.061315 0.081420
0 0.435340 0.963466 0.025641 0.056367
0 0.360647 0.939457 0.016722 0.037578
0 0.881828 0.302714 0.017837 0.041754
0 0.824972 0.315240 0.013378 0.037578
0 0.741918 0.493737 0.125975 0.645094
